 -0.042428   2.076077   0.000000   0.000000 
 -0.458827  -1.118137   0.000000   0.000000 
  0.000000   0.000000  -0.146227   2.755525 
  0.000000   0.000000  -0.479898   2.204593 
 -0.333742   3.948933   0.000000   0.000000 
 -0.246299  -0.082041   0.000000   0.000000 
  0.000000   0.000000  -0.012550   1.867664 
  0.000000   0.000000  -0.542113   0.994801 
 -0.592398   5.435254   0.000000   0.000000 
 -0.320718   1.254534   0.000000   0.000000 
  0.000000   0.000000   0.086031   1.190408 
  0.000000   0.000000  -0.847525  -0.103456 
 -0.793058   6.389511   0.000000   0.000000 
 -1.045933   7.165933   0.000000   0.000000 
  0.000000   0.000000   0.151046   0.733205 
  0.000000   0.000000  -1.755920  -1.903060 
 -0.916092   6.718328   0.000000   0.000000 
 -1.437415   9.449951   0.000000   0.000000 
  0.000000   0.000000   0.152934   0.719796 
  0.000000   0.000000  -1.867717  -2.251779 
 -0.949445   6.389511   0.000000   0.000000 
 -1.182388   6.903904   0.000000   0.000000 
  0.000000   0.000000   0.151277   0.731563 
  0.000000   0.000000  -1.745090  -1.828726 
 -0.889873   5.435234   0.000000   0.000000 
 -0.770587   3.582890   0.000000   0.000000 
  0.000000   0.000000   0.166482   0.623393 
  0.000000   0.000000  -2.116552  -1.918779 
 -0.743182   3.948922   0.000000   0.000000 
 -0.745272   2.614459   0.000000   0.000000 
  0.000000   0.000000   0.171769   0.585682 
  0.000000   0.000000  -2.500480  -2.704137 
 -0.164683   2.829544   0.000000   0.000000 
 -0.351339  -0.035644   0.000000   0.000000 
  0.000000   0.000000  -0.042402   2.015772 
  0.000000   0.000000  -0.506713   0.505105 
 -0.035965   1.979072   0.000000   0.000000 
 -0.496602  -0.477933   0.000000   0.000000 
  0.000000   0.000000  -0.325940   3.834241 
  0.000000   0.000000  -0.503563   2.855685 
  0.041713   1.449313   0.000000   0.000000 
 -0.737803  -1.661526   0.000000   0.000000 
  0.000000   0.000000  -0.577559   5.277382 
  0.000000   0.000000  -0.948280   6.933370 
  0.083139   1.161761   0.000000   0.000000 
 -1.058270  -2.759899   0.000000   0.000000 
  0.000000   0.000000  -0.772661   6.203932 
  0.000000   0.000000  -1.548426  11.138552 
  0.096686   1.066957   0.000000   0.000000 
 -1.202515  -2.927331   0.000000   0.000000 
  0.000000   0.000000  -0.892118   6.523193 
  0.000000   0.000000  -1.833617  12.286534 
  0.084859   1.149744   0.000000   0.000000 
 -1.044981  -2.374059   0.000000   0.000000 
  0.000000   0.000000  -0.924246   6.203931 
  0.000000   0.000000  -1.692654  10.279843 
  0.046257   1.417961   0.000000   0.000000 
 -0.729242  -0.735829   0.000000   0.000000 
  0.000000   0.000000  -0.865913   5.277376 
  0.000000   0.000000  -0.963275   4.715908 
 -0.028050   1.925660   0.000000   0.000000 
 -0.518608  -0.047710   0.000000   0.000000 
  0.000000   0.000000  -0.722816   3.834231 
  0.000000   0.000000  -0.670721   2.174410 
